#ifndef _QTABLES_H_
#define _QTABLES_H_

#include <stdint.h>
static uint8_t qtables_Y[10][64]=
{
{   0x05, 0x03, 0x03, 0x05, 0x07, 0x0c, 0x0f, 0x12,
    0x04, 0x04, 0x04, 0x06, 0x08, 0x11, 0x12, 0x11,
    0x04, 0x04, 0x05, 0x07, 0x0c, 0x11, 0x15, 0x11,     //table du sujet 
    0x04, 0x05, 0x07, 0x09, 0x0f, 0x1a, 0x18, 0x13,
    0x05, 0x07, 0x0b, 0x11, 0x14, 0x21, 0x1f, 0x17,
    0x07, 0x0b, 0x11, 0x13, 0x18, 0x1f, 0x22, 0x1c,
    0x0f, 0x13, 0x17, 0x1a, 0x1f, 0x24, 0x24, 0x1e,
    0x16, 0x1c, 0x1d, 0x1d, 0x22, 0x1e, 0x1f, 0x1e},
{   20, 17, 26, 41, 51, 39, 34, 17,
    17, 18, 24, 39, 28, 23, 12, 12,
    26, 24, 32, 28, 23, 12, 12, 12,
    41, 39, 28, 23, 12, 12, 12, 12,
    51, 28, 23, 12, 12, 12, 12, 12, //photoshop qualité 02
    39, 23, 12, 12, 12, 12, 12, 12,
    34, 12, 12, 12, 12, 12, 12, 12,
    17, 12, 12, 12, 12, 12, 12, 12},
{   18, 14, 22, 35, 44, 39, 34, 17,
    14, 16, 21, 34, 28, 23, 12, 12,
    22, 21, 27, 28, 23, 12, 12, 12,
    35, 34, 28, 23, 12, 12, 12, 12,//photoshop qualite 03
    44, 28, 23, 12, 12, 12, 12, 12,
    39, 23, 12, 12, 12, 12, 12, 12,
    34, 12, 12, 12, 12, 12, 12, 12,
    17, 12, 12, 12, 12, 12, 12, 12},
{   16, 11, 17, 27, 34, 39, 34, 17,
    11, 12, 16, 26, 28, 23, 12, 12,
    17, 16, 21, 28, 23, 12, 12, 12,
    27, 26, 28, 23, 12, 12, 12, 12,//ps qualite 04
    34, 28, 23, 12, 12, 12, 12, 12,
    39, 23, 12, 12, 12, 12, 12, 12,
    34, 12, 12, 12, 12, 12, 12, 12,
    17, 12, 12, 12, 12, 12, 12, 12},
{   12, 8, 13, 21, 26, 32, 34, 17,
    8, 9, 12, 20, 27, 23, 12, 12,
    13, 12, 16, 26, 23, 12, 12, 12,
    21, 20, 26, 23, 12, 12, 12, 12,
    26, 27, 23, 12, 12, 12, 12, 12, //ps qualite 05
    32, 23, 12, 12, 12, 12, 12, 12,
    34, 12, 12, 12, 12, 12, 12, 12,
    17, 12, 12, 12, 12, 12, 12, 12},
{   8, 6, 9, 14, 17, 21, 28, 17,
    6, 6, 8, 13, 18, 23, 12, 12,
    9, 8, 11, 17, 23, 12, 12, 12,  //ps q06
    14, 13, 17, 23, 12, 12, 12, 12,
    17, 18, 13, 12, 12, 12, 12, 12,
    21, 23, 12, 12, 12, 12, 12, 12,
    28, 12, 12, 12, 12, 12, 12, 12,
    17, 12, 12, 12, 12, 12, 12, 12
    },
{   6, 4, 7, 11, 14, 17, 22, 17,
    4, 5, 6, 10, 14, 19, 12, 12,
    7, 6, 8, 14, 19, 12, 12, 12,  //ps q08
    11, 10, 14, 19, 12, 12, 12, 12,
    14, 14, 19, 12, 12, 12, 12, 12,
    17, 19, 12, 12, 12, 12, 12, 12,
    22, 12, 12, 12, 12, 12, 12, 12,
    17, 12, 12, 12, 12, 12, 12, 12
    },
{   4, 3, 4, 7, 9, 11, 14, 17,
    3, 3, 4, 7, 9, 12, 12, 12, // ps q09
    4, 4, 5, 9, 12, 12, 12, 12,
    7, 7, 9, 12, 12, 12, 12, 12,
    9, 9, 12, 12, 12, 12, 12, 12,
    11, 12, 12, 12, 12, 12, 12, 12,
    14, 12, 12, 12, 12, 12, 12, 12,
    17, 12, 12, 12, 12, 12, 12, 12
    },
{   2, 2, 3, 4, 5, 6, 8, 11,
    2, 2, 2, 4, 5, 7, 9, 11,
    3, 2, 3, 5, 7, 9, 11, 12,
    4, 4, 5, 7, 9, 11, 12, 12,//ps q10
    5, 5, 7, 9, 11, 12, 12, 12,
    6, 7, 9, 11, 12, 12, 12, 12,
    8, 9, 11, 12, 12, 12, 12, 12,
    11, 11, 12, 12, 12, 12, 12, 12
    },
{   1, 1, 1, 1, 1, 1, 1, 2,
    1, 1, 1, 1, 1, 1, 1, 2,
    1, 1, 1, 1, 1, 1, 2, 2,  //ps q12
    1, 1, 1, 1, 1, 2, 2, 3,
    1, 1, 1, 1, 2, 2, 2, 3,
    1, 1, 1, 2, 2, 3, 3, 3,
    1, 1, 2, 2, 3, 3, 3, 3,
    2, 2, 2, 3, 3, 3, 3, 3
    }
};
static uint8_t qtables_CbCr[10][64]=
{
{   0x05, 0x05, 0x07, 0x0e, 0x1e, 0x1e, 0x1e, 0x1e,
    0x05, 0x06, 0x08, 0x14, 0x1e, 0x1e, 0x1e, 0x1e,
    0x07, 0x08, 0x11, 0x1e, 0x1e, 0x1e, 0x1e, 0x1e,
    0x0e, 0x14, 0x1e, 0x1e, 0x1e, 0x1e, 0x1e, 0x1e,
    0x1e, 0x1e, 0x1e, 0x1e, 0x1e, 0x1e, 0x1e, 0x1e,  //table du sujet
    0x1e, 0x1e, 0x1e, 0x1e, 0x1e, 0x1e, 0x1e, 0x1e,
    0x1e, 0x1e, 0x1e, 0x1e, 0x1e, 0x1e, 0x1e, 0x1e,
    0x1e, 0x1e, 0x1e, 0x1e, 0x1e, 0x1e, 0x1e, 0x1e},
{   21, 26, 33, 34, 20, 20, 17, 17,
    26, 29, 24, 14, 14, 12, 12, 12,
    33, 24, 14, 14, 12, 12, 12, 12, // photoshop qualite 02
    34, 14, 14, 12, 12, 12, 12, 12,
    20, 14, 12, 12, 12, 12, 12, 12,
    20, 12, 12, 12, 12, 12, 12, 12,
    17, 12, 12, 12, 12, 12, 12, 12,
    17, 12, 12, 12, 12, 12, 12, 12},
{   20, 22, 29, 34, 20, 20, 17, 17, 
    22, 25, 24, 14, 14, 12, 12, 12,
    29, 24, 14, 14, 12, 12, 12, 12,
    34, 14, 14, 12, 12, 12, 12, 12,
    20, 14, 12, 12, 12, 12, 12, 12,
    20, 12, 12, 12, 12, 12, 12, 12,//ps qualite 03
    17, 12, 12, 12, 12, 12, 12, 12,
    17, 12, 12, 12, 12, 12, 12, 12},
{   17, 17, 22, 34, 20, 20, 17, 17,
    17, 19, 22, 14, 14, 12, 12, 12,
    22, 22, 14, 14, 12, 12, 12, 12,
    34, 14, 14, 12, 12, 12, 12, 12, //ps qualite 04
    20, 14, 12, 12, 12, 12, 12, 12,
    20, 12, 12, 12, 12, 12, 12, 12,
    17, 12, 12, 12, 12, 12, 12, 12,
    17, 12, 12, 12, 12, 12, 12, 12},
{   13, 13, 17, 27, 20, 20, 17, 17,
    13, 14, 17, 14, 14, 12, 12, 12,
    17, 17, 14, 14, 12, 12, 12, 12, 
    27, 14, 14, 12, 12, 12, 12, 12,
    20, 14, 12, 12, 12, 12, 12, 12, //ps q5
    20, 12, 12, 12, 12, 12, 12, 12,
    17, 12, 12, 12, 12, 12, 12, 12,
    17, 12, 12, 12, 12, 12, 12, 12},
{   9, 9, 11, 18, 20, 20, 17, 17,
    9, 10, 11, 14, 14, 12, 12, 12,
    11, 11, 14, 14, 12, 12, 12, 12,
    18, 14, 14, 12, 12, 12, 12, 12,
    20, 14, 12, 12, 12, 12, 12, 12,  //ps q06
    20, 12, 12, 12, 12, 12, 12, 12,
    17, 12, 12, 12, 12, 12, 12, 12,
    17, 12, 12, 12, 12, 12, 12, 12
    },
{   7, 9, 19, 34, 20, 20, 17, 17,
    9, 12, 19, 14, 14, 12, 12, 12,
    19, 19, 14, 14, 12, 12, 12, 12,
    34, 14, 14, 12, 12, 12, 12, 12,
    20, 14, 12, 12, 12, 12, 12, 12,
    20, 12, 12, 12, 12, 12, 12, 12,  //ps q08
    17, 12, 12, 12, 12, 12, 12, 12,
    17, 12, 12, 12, 12, 12, 12, 12
    },
{   4, 6, 12, 22, 20, 20, 17, 17,
    6, 8, 12, 14, 14, 12, 12, 12,  // ps q09
    12, 12, 14, 14, 12, 12, 12, 12,
    22, 14, 14, 12, 12, 12, 12, 12,
    20, 14, 12, 12, 12, 12, 12, 12,
    20, 12, 12, 12, 12, 12, 12, 12,
    17, 12, 12, 12, 12, 12, 12, 12,
    17, 12, 12, 12, 12, 12, 12, 12
    },
{   3, 3, 7, 13, 15, 15, 15, 15,
    3, 4, 7, 13, 14, 12, 12, 12,
    7, 7, 13, 14, 12, 12, 12, 12,
    13, 13, 14, 12, 12, 12, 12, 12,
    15, 14, 12, 12, 12, 12, 12, 12,//ps q10
    15, 12, 12, 12, 12, 12, 12, 12,
    15, 12, 12, 12, 12, 12, 12, 12,
    15, 12, 12, 12, 12, 12, 12, 12
    },
{   1, 1, 1, 2, 3, 3, 3, 3,
    1, 1, 1, 2, 3, 3, 3, 3,
    1, 1, 2, 3, 3, 3, 3, 3,
    2, 2, 3, 3, 3, 3, 3, 3, // ps q12
    3, 3, 3, 3, 3, 3, 3, 3,
    3, 3, 3, 3, 3, 3, 3, 3,
    3, 3, 3, 3, 3, 3, 3, 3,
    3, 3, 3, 3, 3, 3, 3, 3,
    }
};
#endif /* _QTABLES_H_ */
